
vincenty_pg2_single = [
0,0,0,0,0,0,0,0,0,0,0,0,0,0,0,0,0,0,0,0,0,0,0,0,0,0,0,0,0,0,
2.6220866797623725,5.655837321747374,6.483588445417726,15.586912648436648,1.8129263618238878,6.055030068131476,5.43876050141989,6.899308919424646,14.168949678357455,10.381729496316494,8.496325535370662,4.284922912142539,7.251247412013142,0,1.6944674503289534,1.4249624262674332,4.103836527494811,3.083660426224971,4.834592659717413,5.438467442625999,5.124092817016067,5.438587723391927,2.8495273140601696,4.2361650715410875,3.249741862516185,3.44966382692617,10.665067231882723,7.505278320798622,7.625142950001925,10.348958286407457,
3.233153664043922,9.82808466651219,7.048036591272264,20.42535425169034,2.6221598709191785,10.650448683977237,8.919272407324687,8.277603982922797,24.28341825326372,16.918998007497336,14.840705455449921,12.017851918712001,9.892869090645567,0,2.479525326139626,2.622155448585659,5.325193170195524,5.124086005570045,8.172895783334084,9.662794474354648,6.7491085498575245,7.792509119710162,5.930683937549031,5.124103571914053,5.655831424889441,4.284911063852384,11.89339389823729,10.668595248619969,12.967227721321246,23.35797974836785,
4.659813096697769,12.073546703928823,9.764524699349169,24.832988008801635,3.464430904906078,17.8418850137645,11.04872399910465,11.599885258305395,32.62951455219293,40.267976157260655,20.00127047602296,18.355072744230284,16.94477199039205,0,3.8125517852241475,4.23616768834287,8.451403162443377,6.808459987253936,13.933127080140247,12.436066081950315,11.273951820194458,12.878966393195254,10.61007556347884,6.808446461814069,8.895977611094708,6.777889381994057,19.249366015317197,13.099449022983805,16.521142745016853,39.81672769104787,
11.032927828152005,18.22696298971132,19.52904967296422,36.151393398706375,8.151304261842066,40.39640210032973,17.8385447576359,20.179218083844205,40.75605877513245,99.13331201430198,26.8991003428412,33.935309791758826,28.59991682790951,0,7.048299046128534,7.456576141564922,16.49987635965405,11.182340440660015,25.657002228106183,18.5235005686505,18.650361246509906,18.498328700481977,17.36843169375141,10.166796116820166,15.466548292795585,10.736706176588545,29.798921404872193,22.460899515572116,24.98037102757501,73.93033159310173,
17.41611856061843,22.911642756653524,31.59103110522455,54.340909197917384,13.571047727991854,74.61592180812463,24.45390444189362,32.28720427012871,47.48484474536785,236.25570198211318,39.312209896232226,49.90149326457526,39.16419294117054,0,10.488613673866118,11.014036036449967,23.940413173337994,17.379916703546705,45.807977583056086,27.565370231409045,30.41319594188607,24.98457063699724,30.187185767995476,14.532199891124543,27.988475260773374,16.94472375210456,43.7865228735949,39.66034184231325,31.797545958122026,99.42786092671057
];

vincenty_mdb_single = [
0,0,0,0,0,0,0,0,0,0,0,0,0,0,0,0,0,0,0,0,0,0,0,0,0,0,0,0,0,0,
2.570298663579458,5.655837321747374,5.797597618661947,15.586912648436648,1.8129263618238878,6.055030068131476,5.43876050141989,6.411300086377919,14.168949678357455,10.381729496316494,8.048604849678743,4.284922912142539,7.251247412013142,0,1.5425851570745632,1.4249624262674332,4.103836527494811,3.083660426224971,4.834592659717413,5.438467442625999,5.124092817016067,5.438587723391927,2.8495273140601696,3.8907070002966346,3.249741862516185,2.7132277280988384,10.18724217278723,7.505278320798622,7.625142950001925,10.348958286407457,
3.233153664043922,8.547098391137856,6.938866380391017,18.765806967505092,2.6221598709191785,9.110857042066012,7.858475338147371,7.997126700372677,20.501913938441543,16.02551488354293,13.021830264338966,10.31145462518533,9.892869090645567,0,2.4795251308566195,2.571062397849804,5.044893345599972,4.508652126129233,8.172895783334084,8.884877027748455,6.512829861011785,7.792509119710162,5.930683937549031,4.656676321941904,4.872610921950293,3.928989804381823,11.89339389823729,10.262513829266764,12.13805729419377,22.067218400175435,
4.659813096697769,11.689231543530301,8.988821170942806,23.295661009504954,3.464430904906078,17.8418850137645,10.798270634265677,11.273999541226495,28.41348763639671,40.267976157260655,18.558970197888154,17.729688437307143,15.742066101117455,0,3.620407255015473,3.6411168913453835,8.387869260639288,5.438299917064841,13.129855023666599,10.919400672725592,9.797674294956792,11.599060856085677,9.461022325764029,6.729440662355227,7.866371991029331,5.947128433906803,18.862934633131523,12.352337026289014,15.93448274528005,38.83473200433219,
9.201855623086324,16.03839248592207,18.986051721855844,34.40973068755505,7.625098820465512,37.793490726717486,15.118593607186808,18.128389980057438,35.10565379764149,99.13331201430198,24.72841844062673,32.26982421322511,24.911316976177485,0,6.45940103472852,7.090184361001639,15.466546165163756,10.26572219162049,22.95696566213095,15.9254411457503,16.88318466262563,16.310017994022452,15.834092728671463,9.319563240031666,14.876275491970238,10.281715494789903,26.26015472058536,19.76669890554966,22.24443331217839,67.9748308959525,
15.668815703185395,21.141347605251738,28.95248099323865,52.95153902152812,12.546358793700705,67.20821112236656,21.274776436611713,29.043652990357,40.501925733316774,219.05968998867752,34.57599181440506,47.36880124018487,34.79105357238639,0,9.808578561790632,9.968721626885934,21.820439570569455,15.707654008508207,42.18375855337381,23.290015911809903,26.547334829566378,23.018679794993552,29.007642098351972,12.827020792188552,25.505590108455525,15.29715453750631,38.05279009105216,36.302082047027575,27.96873034113674,90.3006277005618
];

